somma_colonne: [10.04047441 11.69145622  7.15744215 10.01978556]
somma_righe: [2.57563624 2.34811703 1.87796198 3.23195304 1.24487415 1.97877761
 2.07345432 1.32391699 1.45997736 1.84427273 3.04765842 1.50022932
 1.56791055 2.11216957 3.30337606 2.22928034 0.73848707 1.94933599
 0.76091039 1.74085918]
media_colonne: [0.50202372 0.58457281 0.35787211 0.50098928]
media_righe: [0.64390906 0.58702926 0.4694905  0.80798826 0.31121854 0.4946944
 0.51836358 0.33097925 0.36499434 0.46106818 0.76191461 0.37505733
 0.39197764 0.52804239 0.82584401 0.55732008 0.18462177 0.487334
 0.1902276  0.4352148 ]
prodotto_dot: [[1.96199374 1.69502414 0.91953504 2.06864482 0.70314914 1.52933812
  1.17379483 0.57768937 1.02715834 1.25362966 1.87939721 1.09882626
  0.88309373 1.56743455 2.1075307  1.388881   0.28870659 1.53868464
  0.38518961 0.99580932]
 [1.69502414 1.52779495 0.87430383 1.89497649 0.61429792 1.36438311
  1.18525649 0.67047784 0.93754658 1.0614487  1.72892156 0.97122174
  0.89410806 1.36313547 1.97014754 1.31945014 0.292092   1.30469097
  0.38321226 0.98511159]
 [0.91953504 0.87430383 1.24616596 1.51707109 0.75877267 0.6514675
  1.04545439 0.82188688 0.58419525 0.90550419 1.55506357 0.61049079
  0.83428218 0.85498957 1.49090259 1.0801585  0.57858775 0.74631782
  0.44450362 0.8566868 ]
 [2.06864482 1.89497649 1.51707109 2.6142855  1.00149855 1.583779
  1.68815238 1.08250207 1.17300484 1.47280139 2.45398368 1.1921618
  1.26322622 1.67799487 2.68241545 1.79404169 0.59569548 1.53252556
  0.62349741 1.42607969]
 [0.70314914 0.61429792 0.75877267 1.00149855 0.5033305  0.46620222
  0.60293492 0.4173912  0.38803618 0.64472355 0.99465801 0.41531864
  0.46235646 0.60124385 0.9688825  0.65802192 0.33458537 0.54279739
  0.26931001 0.5218465 ]
 [1.52933812 1.36438311 0.6514675  1.583779   0.46620222 1.32804363
  0.98883926 0.53989902 0.87542384 0.93382207 1.49455221 0.97190879
  0.83400436 1.34759729 1.62666424 1.20655659 0.20373451 1.3832561
  0.25881572 0.7440961 ]
 [1.17379483 1.18525649 1.04545439 1.68815238 0.60293492 0.98883926
  1.27399975 0.94090917 0.76772774 0.82822814 1.62289107 0.74861434
  0.98715907 1.01145593 1.78420456 1.26708159 0.4410937  0.88639175
  0.44296788 1.01991275]
 [0.57768937 0.67047784 0.82188688 1.08250207 0.4173912  0.53989902
  0.94090917 0.80039229 0.47248043 0.48246721 1.10832061 0.45224393
  0.76760115 0.58336535 1.15019035 0.89280395 0.38807406 0.48352
  0.32956924 0.71345053]
 [1.02715834 0.93754658 0.58419525 1.17300484 0.38803618 0.87542384
  0.76772774 0.47248043 0.60543431 0.67427132 1.12377451 0.65745469
  0.63435656 0.90909842 1.20344961 0.88587193 0.21461474 0.90390842
  0.22961603 0.59030815]
 [1.25362966 1.0614487  0.90550419 1.47280139 0.64472355 0.93382207
  0.82822814 0.48246721 0.67427132 0.98491307 1.44302685 0.76507542
  0.67618299 1.09757064 1.42600009 1.01133603 0.36310818 1.08937003
  0.31156698 0.67993459]
 [1.87939721 1.72892156 1.55506357 2.45398368 0.99465801 1.49455221
  1.62289107 1.10832061 1.12377451 1.44302685 2.41291784 1.20330122
  1.31278361 1.67660316 2.46894073 1.79023078 0.65100591 1.59374962
  0.58089628 1.29356663]
 [1.09882626 0.97122174 0.61049079 1.1921618  0.41531864 0.97190879
  0.74861434 0.45224393 0.65745469 0.76507542 1.20330122 0.77395289
  0.69223192 1.06957534 1.17787482 0.96097109 0.2326796  1.12997539
  0.19769346 0.52209434]
 [0.88309373 0.89410806 0.83428218 1.26322622 0.46235646 0.83400436
  0.98715907 0.76760115 0.63435656 0.67618299 1.31278361 0.69223192
  0.87343602 0.92099628 1.29563524 1.07413538 0.37433976 0.90220176
  0.30096785 0.70010617]
 [1.56743455 1.36313547 0.85498957 1.67799487 0.60124385 1.34759729
  1.01145593 0.58336535 0.90909842 1.09757064 1.67660316 1.06957534
  0.92099628 1.49000309 1.64931761 1.31128674 0.31986325 1.56908256
  0.27823365 0.72435595]
 [2.1075307  1.97014754 1.49090259 2.68241545 0.9688825  1.62666424
  1.78420456 1.15019035 1.20344961 1.42600009 2.46894073 1.17787482
  1.29563524 1.64931761 2.80344751 1.82931281 0.57115274 1.46182843
  0.6526068  1.52489786]
 [1.388881   1.31945014 1.0801585  1.79404169 0.65802192 1.20655659
  1.26708159 0.89280395 0.88587193 1.01133603 1.79023078 0.96097109
  1.07413538 1.31128674 1.82931281 1.40924758 0.4520435  1.28129156
  0.40241245 0.95048212]
 [0.28870659 0.292092   0.57858775 0.59569548 0.33458537 0.20373451
  0.4410937  0.38807406 0.21461474 0.36310818 0.65100591 0.2326796
  0.37433976 0.31986325 0.57115274 0.4520435  0.28609205 0.27659905
  0.1926262  0.34396497]
 [1.53868464 1.30469097 0.74631782 1.53252556 0.54279739 1.3832561
  0.88639175 0.48352    0.90390842 1.08937003 1.59374962 1.12997539
  0.90220176 1.56908256 1.46182843 1.28129156 0.27659905 1.73032428
  0.19590733 0.56141159]
 [0.38518961 0.38321226 0.44450362 0.62349741 0.26931001 0.25881572
  0.44296788 0.32956924 0.22961603 0.31156698 0.58089628 0.19769346
  0.30096785 0.27823365 0.6526068  0.40241245 0.1926262  0.19590733
  0.19251585 0.39808719]
 [0.99580932 0.98511159 0.8566868  1.42607969 0.5218465  0.7440961
  1.01991275 0.71345053 0.59030815 0.67993459 1.29356663 0.52209434
  0.70010617 0.72435595 1.52489786 0.95048212 0.34396497 0.56141159
  0.39808719 0.89723533]]
trasposta: [[0.17033376 0.31701048 0.9086331  0.82662024 0.44318545 0.13494103
  0.80053196 0.79414279 0.25188706 0.3444597  0.90524828 0.19901228
  0.6355924  0.23732925 0.86194496 0.66975575 0.47271093 0.09064038
  0.34608022 0.63041439]
 [0.85589995 0.84367868 0.14188162 0.79928043 0.06113297 0.94814748
  0.64768907 0.39919462 0.58790117 0.37138801 0.77817875 0.66519092
  0.62706878 0.86948902 0.88414883 0.799297   0.00804667 0.95105922
  0.07088432 0.38189871]
 [0.76794379 0.66621608 0.24330213 0.83790571 0.24992729 0.37812575
  0.40798139 0.09568437 0.26513819 0.35013307 0.51282662 0.10634891
  0.03085754 0.20916147 0.96059609 0.25200031 0.00770484 0.00343333
  0.23743425 0.57472102]
 [0.78145874 0.52121179 0.58414513 0.76814666 0.49062844 0.51756335
  0.2172519  0.03489521 0.35505094 0.77829195 0.85140477 0.52967721
  0.27439183 0.79618983 0.59668618 0.50822728 0.25002463 0.90420306
  0.1065116  0.15382506]]
norma: 5.0710478349166275
covarianza: [[ 0.08030918 -0.01607918  0.02179579 -0.01534077]
 [-0.01607918  0.10038304  0.03490017  0.0453971 ]
 [ 0.02179579  0.03490017  0.07891339  0.02169382]
 [-0.01534077  0.0453971   0.02169382  0.06982641]]
